 Metabolite_name	RefMet_name	HT1080_DMSO_01	HT1080_DMSO_02	HT1080_DMSO_03	HT1080_ML162_01	HT1080_ML162_02	HT1080_ML162_03	HT1080_ML210_01	HT1080_ML210_02	HT1080_ML210_03	HT1080_RSL3_01	HT1080_RSL3_02	HT1080_RSL3_03
Factors	-	Treatment:DMSO	Treatment:DMSO	Treatment:DMSO	Treatment:ML162	Treatment:ML162	Treatment:ML162	Treatment:ML210	Treatment:ML210	Treatment:ML210	Treatment:RSL3	Treatment:RSL3	Treatment:RSL3
2-dehydro-D-gluconate	2-Dehydro-D-gluconic acid	1681.0630	1000	1358.5650	3551.6600	1550.7230	1381.7440	1581.9170	1045.4550	1585.8620	2785.9410	1380.2460	1501.7760
2-hydroxy-2-methylbutanedioate	Citramalic acid	6353728	5788824	6473928	5649644	6078020	5790394	6842502	6451418	6515564	5665662	6206106	6323622
2-keto-isovalerate	Ketoisovaleric acid	89396.9300	52462.9800	93677.7300	163184	73002.4500	72975.5900	72392.2900	80587.6500	85590.5900	158797.7000	89711.1500	93519.4700
3-phosphoglycerate	3-Phosphoglyceric acid	82959.7000	66399.7500	61797.7700	14526.6600	55861.2300	55704.5700	52988.5300	32311.1400	49360.6700	10274.2500	54527.7500	45729.1800
4-aminobutyrate	gamma-Aminobutyric acid	1051829	751368.5000	940448.7000	458982.6000	791705.6000	712483.8000	919933.8000	863733.8000	787778.1000	485094.7000	704948.9000	704682.7000
4-pyridoxic acid	4-Pyridoxic acid	6920.9280	6555.0210	7313.4120	7687.9060	7834.8700	6946.8810	7113.5810	8749.5170	7386.0110	5807.5130	6983.9160	7968.8870
6-phospho-D-gluconate	6-Phosphogluconic acid	13898.8600	15109.2000	13286	9131.5470	6144.3660	6487.5300	12368.0400	6650.9160	9545.6870	7939.9940	6772.9970	5843.9020
acetyl-CoA	Acetyl-CoA	3940.0630	3120.5760	3740.2120	4632.6230	4471.3680	3246.5680	7058.1030	4855.8470	4147.9940	3822.9540	3994.6150	4114.2500
aconitate	trans-Aconitic acid	30049.6400	23157.8100	31856.7600	36402.1800	27811.4700	29275.5600	19728.2100	20046.8300	21125.9700	38008.0800	29122.9900	35380.0500
ADP-D-glucose	ADP-glucose	29761.2500	31865.2800	26542.2800	32537.3100	32962.8800	33519.3000	28631.3700	24604.9800	24146.0400	36901.2000	28697.9000	26271.0600
alpha-ketoglutarate	2-Oxoglutaric acid	75807.4800	75484.1400	80732.4100	41617.2200	48035.0800	45095.5600	46820.3700	42355.7300	45775.9500	49619.8500	46083.7500	51774.9300
AMP	AMP	33701.7800	24124.1200	19677.8800	61938.4400	51308.6100	42266.7200	22037.9900	16303.9800	18979.4500	40983.6300	32649.1700	32861.3800
CDP	CDP	5475.3410	3886.7080	3794.2340	13847.0200	8704.3740	7603.7720	5758.8200	2205.7190	4415.3540	8071.8950	7120.3520	5385.4170
CDP-ethanolamine	CDP-Ethanolamine	1000	1000	1000	6708.2850	1886.6420	2091.4110	1000	1000	1000	3175.6370	1349.1930	1196.0670
citraconic acid	Citraconic acid	2473523	2190919	2460211	2196881	2316026	2277935	2690926	2525847	2482990	2067391	2344904	2400170
citrate	Citric acid	605450.2000	487248.6000	548041.2000	549674.7000	667318.2000	596350.1000	439669.1000	390053.2000	436521.1000	535308.6000	673068.9000	730447.2000
CMP	CMP	1000	1000	1000	2984.4190	2449.7700	2049.5100	1000	1000	1000	1937.8880	1318.9000	1369.7360
CTP	CTP	171333.5000	152276.9000	144085.9000	111531.6000	170076.3000	141852.9000	141132.1000	88589.3800	115394.1000	90945.3100	149111	144360.8000
dATP	dATP	11955.1900	16061.9400	11445.3100	4208.8820	5072.2080	4405.6250	9131.7110	7859.8370	7669.9560	4544.5600	6452.7420	6419.9440
dCTP	dCTP	8357.3370	7256.8630	7570.4960	1780.0310	3225.5060	2865.8290	6526.7810	3686.2890	5373.1040	2571.6180	4609.7730	3510.0310
deoxycholate	Deoxycholic acid	30169.1800	26195.1000	32447.4000	2897.3770	33889.4000	26136.4300	27983.4300	41518.7000	31298.9900	2377.5420	32627.4100	37121.0400
D-gluconate	Gluconic acid	5385.3150	4101.4060	17395.0200	139880.9000	4798.6780	20287.1100	3958.1450	2345.2010	2882.4320	82621.5300	2121.5090	22695.5400
dTTP	dTTP	55178.6800	58307.6600	61598.7300	16848.9400	26354.3500	27895.5900	43754.7700	29751.9500	36514.0100	17608.4900	29710.0100	33334.5900
FAD	FAD	2774.6140	3228.3040	2920.4100	2804.1880	2202.8750	2925.3810	2207.4300	1883.3150	1904.9860	3364.2250	2349.6010	2744.0750
FGAR	FGAR	10093.4600	8839.7980	9265.4410	1000	1000	1000	3637.0040	2736.1090	3518.2070	2029.7400	1199.3590	1187.3040
FMN	FMN	2868.1040	2228.4270	1853.9380	1981.4150	3420.5210	1137.8190	1274.8100	1050.3000	1138.2250	1530.8540	2528.2010	1948.2640
folate	Folic acid	122249.3000	113728.3000	110272.7000	144103.7000	139585.6000	110311.9000	117967.4000	118783.4000	130526.9000	127344.5000	120927.9000	124637.6000
fructose-1-6-bisphosphate	Fructose 1,6-bisphosphate	119747.4000	111922.4000	102637.4000	42537.1100	40215.4300	36559.3100	77769.0900	42903.6100	64149.6200	51071.0300	51812.6000	46725.5000
fumarate	Fumaric acid	304826	273098.2000	315684.5000	214720.3000	332727.8000	297920	257680.1000	224452.6000	238082.1000	161948.4000	243257.2000	235058.2000
GDP	GDP	16311.8900	6524.6030	5283.9700	16106.4500	16257.3300	13259.7300	6421.2850	2835.0810	5679.0760	10903.5300	11825.6300	8788.8460
glucose-1-phosphate	Glucose 1-phosphate	11654	9537.7410	10770.5300	1924.2970	3683.8490	3597.4520	6813.2100	4835.3870	7006.8810	5082.0160	5036.7300	4727.2300
glucose-6-phosphate	Glucose 6-phosphate	142936.3000	156238.8000	113090.6000	126049.8000	204029.6000	162217.7000	156783.7000	125657.8000	146841	107229.1000	150329.9000	143753
glutathione	Glutathione	104957.4000	134636.5000	124888	141460.8000	52847.2100	102715	119166.8000	53885.1400	36755.0700	185027.7000	81165.9400	82964
glutathione disulfide	Oxidized glutathione	1582559	1747003	1427331	1463436	1536026	1394758	1590863	1525242	1541865	1434069	1479243	1464677
glutathione-S-sulfonate		21468.3500	23800.7600	21998.5900	29320.3000	27639.2500	24005.1400	24328.5800	22756.0200	29479.8200	24312.6000	23731.9100	25764.5900
glycerol-3-phosphate	sn-Glycero-3-phosphate	237518.1000	191306	245068.3000	56406.5200	47987.1400	51717.5000	81857.1600	70747.5100	96211.9400	89422.9100	67866.4100	69261.2000
GTP	GTP	79956.4100	85247.3700	72763.2600	48237.6400	97154.0100	73497.7000	72316.6500	37307.3000	49950.9600	36448.8200	80400.9800	74764.0900
guanosine	Guanosine	1000	1032.2130	1000	3023.7760	2918.8470	2481.4410	2029.7040	2182.3470	2728.6360	2254.5120	2775.7490	2945.8450
indole-3-carboxylate	Indole-3-carboxylic acid	15823.5500	15185.3500	12018.1000	6265.7730	7710.8880	5772.6210	9487.4440	7871.6320	7238.7600	5365.9230	6658.0710	7189.2060
inosine	Inosine	1094.5770	1000	1000	6325.2360	7699.7600	5976.4900	3206.9640	2703.9360	3045.3330	3942.5760	5635.5940	4864.8440
isocitrate	Isocitric acid	49325.6800	48716.5100	56239.5100	70993.3400	55658.3000	49049.1600	37423.9800	42313.3400	34835.7100	77602.1500	54879.9400	61692.1800
kynurenine	Kynurenine	1634.6510	1596.9160	1736.4460	2395.5230	1936.7600	1531.2050	1621.0360	2148.0030	1684.8530	1719.7950	1415.5840	1589.7150
lactate	Lactic acid	10890810	9960221	9673662	10156140	10810970	9713311	10893460	9583204	10567000	9957258	10014650	10723180
malate	Malic acid	1345297	1306668	1374211	1049075	1496021	1320083	1236523	1023372	1099370	787225.7000	1092492	1115221
N-acetyl-glucosamine-1/6-phosphate	N-Acetylglucosamine phosphate	8519.0030	6215.3400	6052.8020	13577.7600	8584.2340	8738.1400	8494.5220	6428.3630	8276.6050	11568.7700	7914.4590	8857.1710
N-acetyl-glutamate	N-Acetylglutamic acid	127745.1000	122536.9000	124525.8000	204077	140922.6000	147188.4000	140834.2000	148042	148659.4000	192566	144736.5000	137419.8000
N-Acetyl-L-alanine	N-Acetylalanine	20928.5300	16693.1600	22005.5400	22686.9100	19344.7100	20502.5100	28305.6800	21261.4100	19114.8000	22933.5500	20042.4200	12034.2300
NAD+	NAD	129065.6000	120945.7000	132491.7000	121087.5000	114792.4000	119981.4000	127175.7000	113807	124705.4000	119726.2000	111927.5000	116061.4000
NADH	NADH	83442.8000	92380.3800	83831.4900	74783.2000	71261.9500	72411.5300	68997.5500	66913.0900	72357.8200	68495.5400	65017.9700	63688.3800
NADP+	NADP	10114.4500	10354.6600	9637.8010	8955.9480	10134.8600	7997.9630	6211.5620	6471.4400	6235.7760	7346.0900	7493.9410	7736.4630
N-carbamoyl-L-aspartate	Carbamoylaspartate	71836.7700	52390.6800	85629.9500	1570.2040	1381.4540	1702.6880	18512.9300	25271.1200	25377.4500	3505.4450	2948.0400	3973.6150
Octulose-8/1-P	Octulose phosphate	9460.3490	7696.6550	9416.6420	7241.0020	7740.6810	7556.6620	9356.4250	6559.7310	9151.3230	7663.2070	8112.0280	7417.5120
octulose-bisphosphate	Octulose bisphosphate	3314.2860	2975.4210	2624.5810	1158.1200	1150.0740	1082.9350	1938.1230	1132.7340	1954.6460	1302.8990	1373.2190	1332.6060
pantothenate	Pantothenic acid	1820544	1589920	1729170	1956498	1641838	1511552	1908789	1583818	2033464	1755453	1534896	1627679
pyroglutamate	Pyroglutamic acid	12007770	12037900	11639610	9150373	12445880	11205470	12332970	11063540	11917040	9901959	11117630	11703510
pyruvate	Pyruvic acid	50351.0600	32226.5900	54644.3100	93021.3400	78141.8000	63011.2300	65940.7800	56501.7100	62624.5200	68475.4400	62774.9900	69164.6400
riboflavin	Riboflavin	4906.2800	4146.0850	4544.3240	6457.9120	5460.7290	4545.8060	4592.2880	4270.7500	4629.9000	6349.6010	5269.0360	4931.5590
ribose-phosphate	Ribose phosphate	16065.1000	12027.4800	13188.5500	7504.4490	7496.2710	7141.4800	8930.6040	5879.7230	9845.6050	8258.7320	8589.4910	6723.6580
sarcosine	Sarcosine	76220.5800	66256.8800	71316.4800	77940.1500	69550.8100	63530.7800	82882.3900	64778.3700	83698.2000	72407.7100	63677.2000	67066.0600
sedoheptulose-1/7-phosphate		8498.7310	7236.3100	8314.2950	8313.4360	6358.1600	6566.2790	8223.9280	6539.1820	8869.6520	8489.0900	7718.2560	6517.8570
sedoheptulose-bisphosphate	Sedoheptulose 1,7-bisphosphate	8430.4820	9062.6580	8066.5250	3920.4150	4169.9200	4263.8520	6560.6310	4048.0850	5728.5110	4415.3620	5405.2950	5059.1920
S-methyl-5-thioadenosine	5'-Methylthioadenosine	3880.3080	3835.2400	3551.1210	6309.3870	5481.9380	5114.4110	5044.5780	4171.1840	5254.0810	4415.9610	4453.0100	4876.6130
succinate	Succinic acid	122003.8000	137233.4000	130171.7000	287631.9000	145863.1000	118839.4000	119378.4000	115573.3000	103634.1000	240653.8000	140392.2000	136972.4000
UDP	UDP	31868.3700	27557.9400	24932.2100	43249.2500	33681.4600	30472.2100	22629.9900	11827.1200	18534.7900	28214.6900	22875.5200	21554.2300
UDP-D-glucose	UDP-glucose	685827.8000	653221.3000	669119.6000	836789.8000	613499.6000	631531.2000	521256.3000	568938	580035.4000	653554.7000	564797.1000	578121.8000
UDP-D-glucuronate	UDP-glucuronic acid	808080.2000	755589	826940.7000	795479.9000	631606	510646	629369.8000	473835.5000	511394.1000	737139.7000	556051.7000	541732.7000
UDP-N-acetyl-glucosamine	UDP-N-acetylglucosamine	4477240	3862246	4418366	4480544	4005967	4340214	4294803	4627858	4709236	5082712	4406570	4700096
UMP	UMP	12426.1900	13183.9300	10784.9700	16134.7400	15637.4600	18486.2100	10478.4200	8447.1530	11363.7100	11790.3800	13368.0700	13349.3000
urate	Uric acid	10414.4600	7683.3720	7115.9850	9392.7960	12118.9400	8060.5000	13206.6800	4896.1160	11265.8600	8169.1340	11135.9600	9268.9560
uridine	Uridine	1406.4700	1000	1009.7170	4741.6880	3520.8950	3975.6120	2391.8280	1485.8990	2853.9410	2902.9160	3294.8460	2896.3830
UTP	UTP	658524.6000	633130.7000	621969.1000	338761.7000	418705.7000	368396.4000	424716.8000	321632.1000	349900.2000	284919	330846.8000	354947.4000
													
